bodylocation_list:
bodylocation_list[0]: 525 669
bodylocation_list[1]: 525 672
bodylocation_list[2]: 934 329
bodylocation_list[3]: 1043 629
bodylocation_list[4]: 1049 643
body3Dlocation_list:
body3Dlocation_list[0]: 11.5295 11.3761 115.245
body3Dlocation_list[1]: 10.894 9.64251 115.422
body3Dlocation_list[2]: -3.94831 -34.7842 143.106
