bodylocation_list:
bodylocation_list[0]: 502 720
bodylocation_list[1]: 503 720
bodylocation_list[2]: 911 368
bodylocation_list[3]: 1020 673
bodylocation_list[4]: 1020 669
body3Dlocation_list:
body3Dlocation_list[0]: 7.79811 14.7154 115.9
body3Dlocation_list[1]: 7.75602 15.2104 115.849
body3Dlocation_list[2]: -7.66205 -28.8435 143.494
